% Dopamine Mass Spectrum Data
% https://sdbs.db.aist.go.jp/MsSpectralView.aspx?fname=MSNW4879&sdbsno=2382
MS = [
15.0	3.2
26.0	1.0
28.0	2.4
38.0	1.1
39.0	3.0
40.0	1.7
41.0	5.1
50.0	1.3
51.0	3.1
52.0	5.5
53.0	2.6
54.0	2.2
63.0	1.1
65.0	2.4
66.0	1.3
67.0	6.6
68.0	2.8
69.0	1.3
77.0	1.0
78.0	2.2
79.0	3.0
80.0	1.8
82.0	1.4
92.0	1.3
93.0	1.1
95.0	17.3
96.0	1.4
107.0	1.6
110.0	26.8
111.0	4.0
122.0	2.2
138.0	100.0
139.0	8.1
153.0	53.4
154.0	5.2
]
